0 -4121 3117
1 -846 640
2 -442 328
3 -595 448
4 -427 321
5 -435 332
6 -447 328
7 -443 324
8 -387 287
9 -432 319
10 -355 265
11 -390 293
12 -471 350
13 -457 337
14 -454 334
15 -313 232
16 -524 392
17 -284 206
18 -306 230
19 -218 164
20 -260 189
21 -221 161
22 -214 157
23 -206 152
24 -208 153
25 -216 158
26 -218 160
27 -190 137
28 -204 149
29 -162 113
30 -159 112
31 -214 155
32 -156 111
33 -234 169
34 -218 155
35 -209 146
36 -241 169
37 -197 137
38 -199 143
39 -204 143
40 -198 140
41 -187 130
42 -187 131
43 -184 129
44 -179 126
45 -183 128
46 -187 130
47 -183 126
48 -191 133
49 -195 135
50 -191 133
51 -189 132
52 -176 123
53 -177 124
54 -156 109
55 -175 121
56 -179 123
57 -196 135
58 -195 133
59 -191 131
60 -191 131
61 -199 136
62 -193 132
63 -194 132
64 -160 110
65 -203 139
66 -161 113
67 -247 168
68 -161 112
69 -195 134
70 -161 111
71 -203 139
72 -194 132
73 -162 112
74 -210 145
75 -158 110
76 -159 109
77 -161 112
78 -158 110
79 -236 163
80 -164 113
81 -178 123
82 -166 114
83 -164 112
84 -197 138
85 -172 117
86 -314 228
87 -277 197
88 -304 215
89 -285 204
90 -317 222
91 -301 218
92 -313 226
93 -356 264
94 -297 219
95 -306 229
96 -337 243
97 -324 238
98 -368 270
99 -207 151
100 -288 214
101 -198 152
102 -268 195
103 -211 161
104 -230 174
105 -202 154
106 -195 146
107 -194 146
108 -205 153
109 -255 189
110 -308 234
111 -198 146
112 -268 199
113 -255 186
114 -379 273
115 -216 160
116 -268 197
117 -414 311
118 -437 324
119 -464 347
120 -164 117
121 -262 194
122 -264 191
123 -337 253
124 -407 303
125 -384 283
126 -188 138
127 -330 249
128 -262 198
129 -380 290
130 -314 247
131 -299 227
132 -372 293
133 -311 241
134 -322 244
135 -360 271
136 -224 173
137 -293 226
138 -840 636
139 -173 127
140 -175 126
141 -271 198
142 -222 171
143 -198 144
144 -192 141
145 -217 158
146 -157 115
147 -160 118
148 -261 196
149 -238 175
150 -211 156
151 -243 181
152 -260 189
153 -409 303
154 -265 195
155 -503 366
156 -175 121
157 -353 261
158 -322 245
159 -202 145
160 -207 149
161 -199 145
162 -241 169
163 -282 199
164 -307 229
165 -249 175
166 -163 111
167 -171 115
168 -207 142
169 -255 179
170 -196 138
171 -163 110
172 -271 191
173 -197 134
174 -241 169
175 -244 172
176 -234 162
177 -287 203
178 -238 168
179 -238 167
180 -237 171
181 -241 169
182 -172 116
183 -272 195
184 -254 179
185 -318 227
186 -906 676
187 -379 278
188 -674 502
189 -500 386
190 -354 263
191 -283 212
192 -254 186
193 -217 157
194 -218 160
195 -211 159
196 -172 124
197 -173 124
198 -239 178
199 -164 119
200 -226 171
201 -171 122
202 -174 124
203 -165 121
204 -180 129
205 -267 201
206 -295 226
207 -218 170
208 -231 178
209 -301 230
210 -330 250
211 -277 213
212 -225 167
213 -331 242
214 -653 473
215 -302 216
216 -677 502
217 -288 208
218 -289 209
219 -271 198
220 -304 222
221 -210 151
222 -259 190
223 -287 211
224 -282 208
225 -240 177
226 -363 272
227 -218 159
228 -329 243
229 -292 219
230 -239 185
231 -243 189
232 -530 396
233 -355 270
234 -441 334
235 -320 233
236 -300 224
237 -450 341
238 -296 218
239 -221 163
240 -251 193
241 -350 266
242 -326 248
243 -770 572
244 -425 325
245 -277 215
246 -277 209
247 -333 265
248 -288 221
249 -310 242
250 -529 415
251 -326 244
252 -293 219
253 -432 329
254 -595 453
255 -364 278
256 -329 258
257 -349 266
258 -263 199
259 -468 352
260 -487 352
261 -265 202
262 -163 114
263 -175 119
264 -280 200
265 -277 199
266 -205 154
267 -170 119
268 -215 157
269 -227 161
270 -223 159
271 -231 160
272 -230 160
273 -346 245
274 -301 211
275 -392 281
276 -393 299
277 -268 207
278 -299 217
279 -167 115
280 -161 112
281 -171 120
282 -167 116
283 -161 113
284 -252 181
285 -134 94
286 -153 106
287 -136 92
288 -272 194
289 -267 186
290 -224 160
291 -216 155
292 -166 115
293 -166 114
294 -151 102
295 -147 99
296 -160 109
297 -130 87
298 -159 107
299 -130 87
300 -262 182
301 -211 147
302 -165 110
303 -259 179
304 -170 115
305 -265 193
306 -219 152
307 -216 147
308 -210 142
309 -287 194
310 -214 145
311 -212 143
312 -224 154
313 -282 191
314 -298 202
315 -213 145
316 -251 172
317 -243 167
318 -238 168
319 -245 171
320 -129 88
321 -360 246
322 -232 159
323 -125 84
324 -158 107
325 -219 149
326 -170 115
327 -258 182
328 -161 108
329 -148 99
330 -152 102
331 -157 107
332 -161 109
333 -129 86
334 -154 103
335 -227 155
336 -260 179
337 -137 92
338 -225 151
339 -207 141
340 -590 409
341 -155 106
342 -208 143
343 -198 139
344 -216 148
345 -280 191
346 -236 161
347 -207 140
348 -282 196
349 -144 97
350 -157 107
351 -158 107
352 -212 143
353 -155 104
354 -232 160
355 -211 143
356 -296 203
357 -215 150
358 -268 184
359 -302 212
360 -237 162
361 -253 173
362 -390 274
363 -340 235
364 -225 152
365 -250 170
366 -364 253
367 -499 349
368 -591 454
369 -1482 1104
370 -394 284
371 -267 198
372 -274 205
373 -240 189
374 -329 254
375 -242 185
376 -259 194
377 -361 275
378 -576 440
379 -192 142
380 -201 153
381 -460 345
382 -325 256
383 -320 240
384 -298 222
385 -293 225
386 -1198 900
387 -170 127
388 -195 149
389 -188 135
390 -262 197
391 -163 121
392 -169 126
393 -304 222
394 -160 117
395 -286 212
396 -251 200
397 -331 238
398 -308 224
399 -285 207
400 -283 203
401 -207 160
402 -196 154
403 -334 260
404 -259 198
405 -258 194
406 -228 172
407 -257 189
408 -367 274
409 -248 185
410 -358 259
411 -196 141
412 -273 187
413 -169 121
414 -191 134
415 -260 177
416 -211 151
417 -217 156
418 -209 153
419 -205 145
420 -212 151
421 -293 211
422 -212 153
423 -221 158
424 -267 189
425 -187 127
426 -197 137
427 -294 204
428 -383 270
429 -260 184
430 -259 187
431 -252 180
432 -708 532
433 -267 188
434 -236 170
435 -275 207
436 -277 207
437 -259 190
438 -356 260
439 -292 220
440 -326 241
441 -253 186
442 -207 151
443 -320 234
444 -258 186
445 -248 176
446 -346 257
447 -742 572
448 -359 264
449 -250 184
450 -471 377
451 -174 126
452 -229 163
453 -174 125
454 -170 119
455 -165 116
456 -252 179
457 -265 188
458 -244 177
459 -229 170
460 -267 191
461 -267 189
462 -251 180
463 -259 184
464 -253 181
465 -241 179
466 -256 184
467 -255 183
468 -324 248
469 -304 227
470 -246 181
471 -165 118
472 -262 185
473 -359 263
474 -383 280
475 -163 117
476 -264 191
477 -161 113
478 -294 205
479 -219 157
480 -199 138
481 -255 178
482 -160 112
483 -290 200
484 -207 148
485 -285 200
486 -255 179
487 -263 185
488 -269 192
489 -280 205
490 -210 156
491 -334 241
492 -303 217
493 -363 264
494 -249 178
495 -252 182
496 -302 210
497 -302 216
498 -265 195
499 -1022 761
500 -399 301
501 -308 235
502 -253 191
503 -223 175
504 -172 128
505 -245 192
506 -261 201
507 -276 210
508 -219 172
509 -228 179
510 -163 122
511 -250 192
512 -284 216
513 -274 208
514 -224 171
515 -334 249
516 -335 257
517 -249 189
518 -266 202
519 -311 242
520 -258 200
521 -382 299
522 -399 295
523 -255 190
524 -623 476
525 -293 212
526 -558 409
527 -211 157
528 -223 163
529 -218 160
530 -291 205
531 -187 134
532 -160 112
533 -229 162
534 -164 116
535 -164 114
536 -170 120
537 -249 182
538 -271 200
539 -478 348
540 -259 181
541 -159 110
542 -157 109
543 -250 183
544 -227 164
545 -163 115
546 -167 115
547 -165 113
548 -245 175
549 -221 158
550 -377 276
551 -255 182
552 -330 238
553 -322 230
554 -162 113
555 -158 109
556 -374 266
557 -1010 787
558 -227 166
559 -173 128
560 -204 149
561 -222 161
562 -158 111
563 -246 177
564 -166 115
565 -206 148
566 -240 171
567 -155 108
568 -157 108
569 -283 206
570 -268 191
571 -309 225
572 -487 361
573 -157 111
574 -165 111
575 -243 169
576 -246 171
577 -243 169
578 -272 188
579 -250 171
580 -244 170
581 -252 172
582 -260 183
583 -159 110
584 -161 113
585 -206 148
586 -280 200
587 -275 199
588 -240 172
589 -405 294
590 -306 228
591 -587 446
592 -2745 2050
593 -302 218
594 -317 233
595 -167 124
596 -164 123
597 -166 123
598 -279 208
599 -245 188
600 -340 262
601 -319 235
602 -267 199
603 -257 195
604 -257 194
605 -226 176
606 -256 194
607 -212 164
608 -256 194
609 -225 167
610 -384 277
611 -258 192
612 -324 235
613 -263 199
614 -1616 1213
615 -322 236
616 -466 361
617 -339 262
618 -566 439
619 -574 458
620 -286 215
621 -291 226
622 -313 243
623 -328 250
624 -165 121
625 -240 177
626 -165 123
627 -300 228
628 -297 222
629 -161 119
630 -160 118
631 -159 117
632 -246 181
633 -257 188
634 -223 162
635 -246 180
636 -226 163
637 -138 94
638 -178 126
639 -160 110
640 -158 108
641 -180 123
642 -160 109
643 -133 91
644 -172 117
645 -175 120
646 -184 124
647 -160 109
648 -250 178
649 -217 158
650 -216 155
651 -217 157
652 -154 105
653 -212 149
654 -206 148
655 -213 153
656 -207 149
657 -205 147
658 -207 146
659 -204 145
660 -204 147
661 -643 458
662 -337 238
663 -213 151
664 -212 149
665 -197 143
666 -207 145
667 -240 169
668 -219 152
669 -213 152
670 -196 144
671 -211 150
672 -206 148
673 -237 167
674 -202 145
675 -225 164
676 -237 172
677 -205 146
678 -258 189
679 -203 144
680 -216 155
681 -232 163
682 -203 144
683 -207 150
684 -205 146
685 -222 157
686 -232 163
687 -217 152
688 -202 143
689 -207 150
690 -241 172
691 -285 207
692 -508 377
693 -320 237
694 -243 172
695 -268 197
696 -206 147
697 -253 187
698 -256 189
699 -457 332
700 -366 273
701 -580 420
702 -393 286
703 -181 127
704 -235 166
705 -245 173
706 -222 159
707 -231 168
708 -222 162
709 -277 206
710 -165 117
711 -247 172
712 -141 96
713 -249 173
714 -235 164
715 -220 157
716 -143 96
717 -142 95
718 -258 178
719 -213 145
720 -201 143
721 -217 149
722 -213 145
723 -222 152
724 -289 201
725 -289 197
726 -208 142
727 -203 139
728 -205 145
729 -571 385
730 -302 206
731 -348 256
732 -562 380
733 -323 224
734 -329 229
735 -226 156
736 -222 155
737 -327 227
738 -218 150
739 -218 152
740 -314 220
741 -220 155
742 -215 149
743 -217 151
744 -511 353
745 -409 293
746 -537 386
747 -218 151
748 -324 226
749 -317 220
750 -295 206
751 -222 153
752 -219 151
753 -634 493
754 -319 219
755 -388 269
756 -300 209
757 -326 224
758 -210 145
759 -205 142
760 -301 207
761 -203 140
762 -689 483
763 -376 258
764 -297 206
765 -749 533
766 -775 526
767 -293 205
768 -308 208
769 -555 376
770 -246 167
771 -376 255
772 -338 228
773 -333 225
774 -336 226
775 -336 226
776 -338 227
777 -403 270
778 -487 329
779 -1075 756
780 -433 298
781 -625 446
782 -300 203
783 -381 265
784 -354 242
785 -497 343
786 -2175 1596
787 -392 272
788 -348 239
789 -351 238
790 -324 224
791 -242 163
792 -325 227
793 -225 154
794 -224 154
795 -326 224
796 -299 206
797 -398 273
798 -333 228
799 -295 203
800 -549 409
801 -212 146
802 -313 212
803 -323 223
804 -427 293
805 -332 233
806 -492 347
807 -277 191
808 -314 217
809 -270 187
810 -290 200
811 -266 183
812 -345 241
813 -266 190
814 -182 126
815 -281 198
816 -293 205
817 -267 190
818 -165 115
819 -162 114
820 -226 160
821 -172 119
822 -247 173
823 -211 147
824 -168 115
825 -258 186
826 -256 182
827 -261 182
828 -447 316
829 -213 149
830 -438 307
831 -343 238
832 -213 150
833 -163 115
834 -177 123
835 -356 254
836 -839 595
837 -707 493
838 -359 252
839 -260 182
840 -193 134
841 -165 114
842 -213 149
843 -166 116
844 -188 131
845 -288 202
846 -230 162
847 -236 160
848 -240 169
849 -242 168
850 -264 183
851 -178 122
852 -257 179
853 -173 119
854 -180 123
855 -216 147
856 -168 117
857 -168 116
858 -175 122
859 -169 118
860 -173 119
861 -170 118
862 -228 157
863 -172 118
864 -247 172
865 -165 114
866 -160 110
867 -251 175
868 -499 356
869 -613 438
870 -391 280
871 -253 180
872 -260 193
873 -373 267
874 -430 319
875 -2948 2222
876 -829 644
877 -336 241
878 -225 164
879 -688 493
880 -228 158
881 -225 157
882 -228 160
883 -223 155
884 -243 169
885 -218 153
886 -225 157
887 -216 151
888 -220 151
889 -222 152
890 -222 154
891 -226 156
892 -214 148
893 -221 153
894 -213 149
895 -223 155
896 -213 147
897 -211 146
898 -213 145
899 -205 141
900 -209 143
901 -209 143
902 -202 138
903 -205 140
904 -206 141
905 -202 137
906 -201 136
907 -206 140
908 -205 139
909 -202 137
910 -200 136
911 -202 138
912 -200 137
913 -201 137
914 -198 134
915 -200 135
916 -201 136
917 -206 139
918 -257 175
919 -198 136
920 -195 139
921 -360 275
922 -197 134
923 -227 153
924 -166 112
925 -478 325
926 -251 169
927 -336 232
928 -280 192
929 -169 114
930 -173 117
931 -247 167
932 -245 167
933 -240 164
934 -167 113
935 -159 109
936 -242 165
937 -245 169
938 -282 196
939 -246 169
940 -244 167
941 -243 168
942 -274 200
943 -240 166
944 -262 191
945 -174 119
946 -243 166
947 -284 206
948 -244 170
949 -408 307
950 -307 221
951 -385 267
952 -296 205
953 -552 388
954 -363 256
955 -361 249
956 -608 452
957 -346 245
958 -429 298
959 -256 190
960 -219 151
961 -325 227
962 -317 222
963 -290 201
964 -378 275
965 -281 207
966 -298 221
967 -213 158
968 -399 311
969 -221 159
970 -691 519
971 -317 224
972 -259 187
973 -266 186
974 -359 256
975 -516 380
976 -281 194
977 -282 196
978 -278 192
979 -654 462
980 -319 221
981 -284 200
982 -281 203
983 -175 122
984 -192 135
985 -170 119
986 -231 169
987 -280 204
988 -371 268
989 -281 205
990 -264 194
991 -308 230
992 -308 220
993 -293 209
994 -279 201
995 -189 132
996 -301 221
997 -373 274
998 -396 300
999 -337 259
